
\begin{table}[h]
\centering
\begin{tabular}{c|cccccccccccccccccccccccc}
\toprule
 & 7 & 11 & 13 & 17 & 19 & 23 & 29 & 31 & 37 & 41 & 43 & 47 & 49 & 53 & 59 & 61 & 67 & 71 & 73 & 77 & 79 & 83 & 89 & 91 \\
\midrule
7 & 7 & 77 & 91 & 119 & 133 & 161 & 203 & 217 & 259 & 287 & 301 & 329 & 49 & 371 & 413 & 427 & 469 & 497 & 511 & 77 & 553 & 581 & 623 & 91 \\
11 & 77 & 11 & 143 & 187 & 209 & 253 & 319 & 341 & 407 & 451 & 473 & 517 & 539 & 583 & 649 & 671 & 737 & 781 & 803 & 77 & 869 & 913 & 979 & 1001 \\
13 & 91 & 143 & 13 & 221 & 247 & 299 & 377 & 403 & 481 & 533 & 559 & 611 & 637 & 689 & 767 & 793 & 871 & 923 & 949 & 1001 & 1027 & 1079 & 1157 & 91 \\
17 & 119 & 187 & 221 & 17 & 323 & 391 & 493 & 527 & 629 & 697 & 731 & 799 & 833 & 901 & 1003 & 1037 & 1139 & 1207 & 1241 & 1309 & 1343 & 1411 & 1513 & 1547 \\
19 & 133 & 209 & 247 & 323 & 19 & 437 & 551 & 589 & 703 & 779 & 817 & 893 & 931 & 1007 & 1121 & 1159 & 1273 & 1349 & 1387 & 1463 & 1501 & 1577 & 1691 & 1729 \\
23 & 161 & 253 & 299 & 391 & 437 & 23 & 667 & 713 & 851 & 943 & 989 & 1081 & 1127 & 1219 & 1357 & 1403 & 1541 & 1633 & 1679 & 1771 & 1817 & 1909 & 2047 & 2093 \\
29 & 203 & 319 & 377 & 493 & 551 & 667 & 29 & 899 & 1073 & 1189 & 1247 & 1363 & 1421 & 1537 & 1711 & 1769 & 1943 & 2059 & 2117 & 2233 & 2291 & 2407 & 2581 & 2639 \\
31 & 217 & 341 & 403 & 527 & 589 & 713 & 899 & 31 & 1147 & 1271 & 1333 & 1457 & 1519 & 1643 & 1829 & 1891 & 2077 & 2201 & 2263 & 2387 & 2449 & 2573 & 2759 & 2821 \\
37 & 259 & 407 & 481 & 629 & 703 & 851 & 1073 & 1147 & 37 & 1517 & 1591 & 1739 & 1813 & 1961 & 2183 & 2257 & 2479 & 2627 & 2701 & 2849 & 2923 & 3071 & 3293 & 3367 \\
41 & 287 & 451 & 533 & 697 & 779 & 943 & 1189 & 1271 & 1517 & 41 & 1763 & 1927 & 2009 & 2173 & 2419 & 2501 & 2747 & 2911 & 2993 & 3157 & 3239 & 3403 & 3649 & 3731 \\
43 & 301 & 473 & 559 & 731 & 817 & 989 & 1247 & 1333 & 1591 & 1763 & 43 & 2021 & 2107 & 2279 & 2537 & 2623 & 2881 & 3053 & 3139 & 3311 & 3397 & 3569 & 3827 & 3913 \\
47 & 329 & 517 & 611 & 799 & 893 & 1081 & 1363 & 1457 & 1739 & 1927 & 2021 & 47 & 2303 & 2491 & 2773 & 2867 & 3149 & 3337 & 3431 & 3619 & 3713 & 3901 & 4183 & 4277 \\
49 & 49 & 539 & 637 & 833 & 931 & 1127 & 1421 & 1519 & 1813 & 2009 & 2107 & 2303 & 49 & 2597 & 2891 & 2989 & 3283 & 3479 & 3577 & 539 & 3871 & 4067 & 4361 & 637 \\
53 & 371 & 583 & 689 & 901 & 1007 & 1219 & 1537 & 1643 & 1961 & 2173 & 2279 & 2491 & 2597 & 53 & 3127 & 3233 & 3551 & 3763 & 3869 & 4081 & 4187 & 4399 & 4717 & 4823 \\
59 & 413 & 649 & 767 & 1003 & 1121 & 1357 & 1711 & 1829 & 2183 & 2419 & 2537 & 2773 & 2891 & 3127 & 59 & 3599 & 3953 & 4189 & 4307 & 4543 & 4661 & 4897 & 5251 & 5369 \\
61 & 427 & 671 & 793 & 1037 & 1159 & 1403 & 1769 & 1891 & 2257 & 2501 & 2623 & 2867 & 2989 & 3233 & 3599 & 61 & 4087 & 4331 & 4453 & 4697 & 4819 & 5063 & 5429 & 5551 \\
67 & 469 & 737 & 871 & 1139 & 1273 & 1541 & 1943 & 2077 & 2479 & 2747 & 2881 & 3149 & 3283 & 3551 & 3953 & 4087 & 67 & 4757 & 4891 & 5159 & 5293 & 5561 & 5963 & 6097 \\
71 & 497 & 781 & 923 & 1207 & 1349 & 1633 & 2059 & 2201 & 2627 & 2911 & 3053 & 3337 & 3479 & 3763 & 4189 & 4331 & 4757 & 71 & 5183 & 5467 & 5609 & 5893 & 6319 & 6461 \\
73 & 511 & 803 & 949 & 1241 & 1387 & 1679 & 2117 & 2263 & 2701 & 2993 & 3139 & 3431 & 3577 & 3869 & 4307 & 4453 & 4891 & 5183 & 73 & 5621 & 5767 & 6059 & 6497 & 6643 \\
77 & 77 & 77 & 1001 & 1309 & 1463 & 1771 & 2233 & 2387 & 2849 & 3157 & 3311 & 3619 & 539 & 4081 & 4543 & 4697 & 5159 & 5467 & 5621 & 77 & 6083 & 6391 & 6853 & 1001 \\
79 & 553 & 869 & 1027 & 1343 & 1501 & 1817 & 2291 & 2449 & 2923 & 3239 & 3397 & 3713 & 3871 & 4187 & 4661 & 4819 & 5293 & 5609 & 5767 & 6083 & 79 & 6557 & 7031 & 7189 \\
83 & 581 & 913 & 1079 & 1411 & 1577 & 1909 & 2407 & 2573 & 3071 & 3403 & 3569 & 3901 & 4067 & 4399 & 4897 & 5063 & 5561 & 5893 & 6059 & 6391 & 6557 & 83 & 7387 & 7553 \\
89 & 623 & 979 & 1157 & 1513 & 1691 & 2047 & 2581 & 2759 & 3293 & 3649 & 3827 & 4183 & 4361 & 4717 & 5251 & 5429 & 5963 & 6319 & 6497 & 6853 & 7031 & 7387 & 89 & 8099 \\
91 & 91 & 1001 & 91 & 1547 & 1729 & 2093 & 2639 & 2821 & 3367 & 3731 & 3913 & 4277 & 637 & 4823 & 5369 & 5551 & 6097 & 6461 & 6643 & 1001 & 7189 & 7553 & 8099 & 91 \\
\bottomrule
\end{tabular}
\caption{Shared Periods Matrix (LCM of Base Periods). Rows and columns are labeled by the base periods \( z \).}
\label{tab:shared_periods}
\end{table}
